[ålesund 1.JPG]
filters=finetune2=1,0.000000,0.000000,0.143158,00000000,0.000000;bw=1;finetune2=1,0.251462,0.000000,0.157193,00000000,0.000000;
moddate=728a7b86a8cbd401
width=5760
height=3840
text=1;148;14;Foto&#010;Kallefoto;Freestyle Script;0.148816,0.617969,0.097469,0.785398;v1,4294967295,4292664540,128.000000,1.000000,0.000000,1.000000,400,256,49160;;
textactive=1
[ålesund2.JPG]
filters=crop64=1,4255fa7cff76;finetune2=1,0.356725,0.000000,0.030877,00000000,0.000000;
crop=rect64(4255fa7cff76)
moddate=72ee205ca8cbd401
width=5760
height=3840
text=1;148;14;Foto&#010;Kallefoto;Freestyle Script;0.014117,0.825150,0.087902,5.497787;v1,4294967295,4292664540,128.000000,1.000000,0.000000,1.000000,400,256,49160;;
textactive=1
